ID	Race	Grades	Sex	Name	Desc	Hide	BeginYear	Perception	Physique	Charisma	Intelligence	Luck	Fight	Qi	SocialContact	Medicine	Cooking	Building	Farming	Mining	Art	Manual	DouFa	DanQi	Fabao	FightSkill	Barrier	F1	F2	F3	F4	F5	F6
ID	种族	阶段 0童年 1成年 2重大事件 	性别 0均可 1男 2女	名字	描述	在自定义中隐藏	触发开始年份	感知	体质	魅力	悟性	运气	战斗	气感	社交 （所有技能等级后面可以附加,X。X为热爱程度 1为热爱 2为痴迷）	医术	厨艺	建筑	农事	采掘	艺术	制造	斗法	丹器	御物	术法	护体	特性1	特性2	特性3	特性4	特性5	特性6
680602201	Human	2	0	天道之子	九重天劫现，真神重临时。善则诸天永安；戾则魔神戮世。	1	0	1	1	1	1	3	3,1	3,1	3,1	3,1	2,1				2,1		3,1		3,1	3,1	3,1
680602202	Human	2	0	天杀星神	[NAME]是星神界十二星神之天杀星神。	1	0	1	1	2	1	1	2,1	3,1	1,1	1,1					1,1		3,1	1,1	2,1	3,1	2,1	BeautifulFace2
680602203	Human	2	0	天狼星神	[NAME]是星神界十二星神之天狼星神。	1	0	1	1	2	1	1	3,1	2,1	2,1		2,1	2,1		2,1			3,1		3,1	2,1	2,1	BeautifulFace2
680602204	Human	2	0	紫阙月神	[NAME]是月神界的紫阙月神。	1	0	2	1	1	1	1	2,1	2,1	3,1		1,1		1,1		2,1		3,1		2,1	3,1	2,1	BeautifulFace2
680602205	Human	2	0	凤凰神女	[NAME]是神凰国公主，外貌十五六岁的少女，心灵纯净如雪，拥有梦幻之美。	1	0	1	1	2	1	1	2,1	2,1	3,1						2,1	2,1	3,1	2,1	2,1	3,1	2,1	BeautifulFace2
680602206	Human	2	0	梵帝神女	[NAME]是梵帝界梵帝神女。	1	0	1	0	3	1	1	3,1	3,1	1,1	2,1		2,1			2,1		3,1		2,1	3,1	2,1	BeautifulFace2
680602207	Human	2	0	龙后神女	[NAME]是龙神界“龙后”。	1	0	1	0	3	1	1	1,1	3,1		3,1	2,1		2,1		2,1		2,1		2,1	2,1	2,1	BeautifulFace2
680602208	Human	2	0	琉光双姝	[NAME]是琉光界琉光双姝之一。	1	0	1	1	2	1	1	2,1	2,1	2,1			2,1			2,1	2,1	2,1		2,1	2,1	2,1	BeautifulFace2
680602209	Human	2	0	冰云七仙	[NAME]是冰云仙宫冰云七仙之一。	1	0	1	1	2	1	1	2,1	2,1				2,1	2,1	2,1		2,1	2,1		2,1	2,1	2,1	BeautifulFace2
680602210	Human	2	0	月神神使	[NAME]是月神界月神神使之一。	1	0	1	1	1	1	1	2,1	2,1	1,1	2,1	2,1				2,1		2,1		2,1	2,1	2,1	BeautifulFace2
680602211	Human	2	0	苍风帝王	[NAME]是苍风国的帝王。	1	0	1	2	0	1	1			2,1			2,1	1,1		2,1	2,1
680602212	Human	2	0	苍风女皇	[NAME]是苍风国的女皇。	1	0	1	1	2	1	1	1,1	1,1	2,1		2,1				2,1	2,1	1,1	2,1	1,1	2,1	1,1	BeautifulFace2
680602213	Human	2	0	神凰帝王	[NAME]是神凰国的帝王。	1	0	1	2	0	1	1	2,1	1,1	2,1					2,1		2,1	2,1	1,1	2,1	1,1	1,1
680602214	Human	2	0	幻妖妖后	[NAME]是幻妖界的妖后。	1	0	1	1	2	1	1	2,1	3,1					2,1	1,1	2,1	2,1	1,1	2,1	1,1	3,1	2,1	BeautifulFace2
680602215	Human	2	0	幻妖萧王	[NAME]是幻妖界的萧王。	1	0	1	1	1	1	1	1,1	1,1	3,1			2,1		2,1		2,1	2,1		2,1	1,1	1,1
680602216	Human	2	0	吟雪界王	[NAME]是吟雪界界王。	1	0	1	1	3	1	0	3,1	3,1		2,1	2,1				2,1	3,1	3,1		2,1	3,1	2,1	BeautifulFace2
680602217	Human	2	0	琉光界王	[NAME]是琉光界界王。	1	0	1	1	1	1	1	2,1	2,1	2,1			2,1	1,1	2,1			2,1		2,1	1,1	2,1
680602218	Human	2	0	北域魔后	[NAME]是被神域魔后。	1	0	1	1	2	1	1	2,1	3,1	2,1						2,1	2,1	3,1	2,1	1,1	3,1	2,1	BeautifulFace2
680602219	Human	2	0	凤凰神族	[NAME]拥有凤凰血脉，是凤凰神族。	1	0	1	1	1	1	1	2,1	3,1	2,1	2,1	1,1					2,1	3,1		1,1	2,1	2,1
680602220	Human	2	0	永夜魔族	[NAME]是永夜魔族。	1	0	2	1	1	1	0	2,1	2,1				1,1		1,1		1,1	3,1	1,1	2,1	1,1	2,1
680602221	Human	2	0	苍风剑圣	[NAME]是苍风剑圣。	1	0	1	1	1	1	1	3,1	2,1	1,1			2,1	2,1	2,1			2,1		3,1	1,1	2,1
680602222	Human	2	0	医道圣者	[NAME]悬壶济世，行医天下，被世人尊称“医圣”。	1	0	1	1	1	1	1	1,1	3,1	2,1	3,1	2,1				2,1		1,1		1,1	2,1	1,1
680602223	Human	2	0	医圣传人	[NAME]是医圣传人。	1	0	1	1	2	1	1	1,1	3,1	2,1	3,1	2,1				2,1		1,1		1,1	2,1	1,1
680602224	Human	2	0	盗圣传人	[NAME]是盗圣传人。	1	0	1	1	1	1	1	1,1	3,1				3,1	2,1	3,1		3,1	1,1		1,1	1,1	2,1
680602225	Human	2	0	名门之后	[NAME]是名门之后。	1	0	1	1	1	1	1	1,1	1,1	1,1	2,1	2,1				3,1		1,1		1,1	1,1	1,1
680602226	Human	2	0	萧门长老	[NAME]是萧门长老。	1	0	1	2	0	1	1	2,1	1,1	2,1			2,1			2,1	2,1	1,1		2,1	1,1	1,1
680602227	Human	2	0	苍风府主	[NAME]是苍风玄府府主。	1	0	2	1	0	1	1	2,1	2,1	3,1			2,1	2,1	2,1			2,1		2,1	1,1	2,1
680602228	Human	2	0	苍风导师	[NAME]是苍风玄府导师。	1	0	1	2	0	1	1	2,1	2,1	3,1			2,1	2,1	2,1			2,1		2,1	1,1	2,1
680602229	Human	2	0	天剑庄主	[NAME]是天剑山庄庄主。	1	0	1	1	1	1	1	2,1	2,1	3,1			2,1	2,1	2,1			2,1		2,1	1,1	2,1
680602230	Human	2	0	冰云宫主	[NAME]是冰云仙宫宫主。	1	0	1	1	2	1	1	2,1	3,1		2,1	2,1				2,1		2,1	2,1	1,1	3,1	2,1	BeautifulFace2
680602231	Human	2	0	圣域主宰	[NAME]是皇极圣域主宰。	1	0	1	1	1	1	1	3,1	2,1	2,1				2,1	3,1			2,1	2,1	3,1	1,1	2,1
680602232	Human	2	0	云家家主	[NAME]是幻妖云家家主。	1	0	1	1	1	1	1	2,1	2,1	3,1						2,1	3,1	2,1	3,1	3,1	1,1	2,1
680602233	Human	2	0	云家主母	[NAME]是幻妖云家主母。	1	0	1	1	1	1	1	2,1	2,1	2,1	2,1	3,1	2,1					2,1		2,1	2,1	2,1
680602234	Human	2	0	天毒毒灵	[NAME]自愿化身天毒珠毒灵。	1	0	2	0	2	1	0	1,1	3,1	1,1	3,1	2,1				2,1		2,1		1,1	3,1	2,1
680602235	Human	2	0	神秘感应	[NAME]与刻有逆世天书残卷的神秘黑玉有所感应。	1	0	1	0	2	1	2	1,1	2,1	2,1		3,1		3,1		3,1		1,1		1,1	2,1	3,1
680602236	Human	2	0	吟雪弟子	[NAME]是吟雪界弟子。	1	0	2	1	1	1	1	2,1	2,1									2,1		1,1	3,1	2,1
680602237	Human	2	0	苍风弟子	[NAME]是苍风玄府弟子。	1	0	1	1	1	1	1	2,1	2,1	2,1			2,1	2,1				2,1		2,1	2,1	2,1
680602238	Human	2	0	天剑弟子	[NAME]是天剑山庄弟子。	1	0	1	2	0	1	1	3,1	1,1	2,1					2,1		2,1	2,1		3,1	1,1	2,1
680602239	Human	2	0	冰云弟子	[NAME]是冰云仙宫弟子。	1	0	1	1	2	1	1	2,1	3,1		2,1	2,1					2,1	2,1	2,1	1,1	3,1	2,1	BeautifulFace1
680602240	Human	2	0	神凰弟子	[NAME]是凤凰神宗弟子。	1	0	1	1	2	1	1	2,1	3,1				2,1	2,1	2,1			2,1	2,1	1,1	3,1	2,1
680602241	Human	2	0	冰云医仙	[NAME]是冰云仙宫冰云十二医仙之一。	1	0	1	1	2	1	1	2,2	2,2	2,2	2,2	2,2	2,2	2,2	2,2	2,2	2,2	2,2	2,2	2,2	2,2	2,2	BeautifulFace2
680602242	Human	2	0	冰云月仙	[NAME]是冰云仙宫冰云十二月仙之一。	1	0	3	3	3	3	3	5	5	5	5	5	5	5	5	5	5	5	5	5	5	5	BeautifulFace2
