ID	Race	Grades	Sex	Name	Desc	Hide	BeginYear	Perception	Physique	Charisma	Intelligence	Luck	Fight	Qi	SocialContact	Medicine	Cooking	Building	Farming	Mining	Art	Manual	DouFa	DanQi	Fabao	FightSkill	Barrier	F1	F2	F3	F4	F5	F6
ID	种族	阶段 0童年 1成年 2重大事件 	性别 0均可 1男 2女	名字	描述	在自定义中隐藏	触发开始年份	感知	体质	魅力	悟性	运气	战斗	气感	社交 （所有技能等级后面可以附加,X。X为热爱程度 1为热爱 2为痴迷）	医术	厨艺	建筑	农事	采掘	艺术	制造	斗法	丹器	御物	术法	护体	特性1	特性2	特性3	特性4	特性5	特性6
680602001	Human	0	0	苍风玄府	[NAME]自小便表现出不凡的修炼天赋，被苍风玄府选中加以培养。	1	0	1	1	1	1	1	1,1	1,1	2,1		3,1	3,1	3,1				1,1		1,1	1,1	1,1
680602002	Human	0	0	天剑山庄	[NAME]出生在天剑山庄，自小耳濡目染，对剑道修习有着不一般的理解。	1	0	1	2	1	1	0	2,1	1,1	2,1			3,1		3,1		3,1	2,1		2,1	1,1	1,1
680602003	Human	0	2	冰云仙宫	[NAME]自小便表现出不凡的修炼天赋，被冰云仙宫选中加以培养。	1	0	2	0	2	1	1	2,1	2,1	1,1	3,1	3,1				3,1		2,1		1,1	2,1	1,1
680602004	Human	0	0	凤凰神宗	[NAME]出生在凤凰神宗，自小耳濡目染，对凤凰神力有着不一般的理解。	1	0	2	1	1	1	1	1,1	1,1	2,1	3,1				3,1		3,1	2,1	3,1	2,1	2,1	1,1
680602005	Human	0	0	流云萧门	[NAME]出生在流云城萧门。	1	0	1	1	1	1	1	1,1	1,1	1,1		2,1	2,1					2,1	2,1	2,1	1,1	1,1
680602006	Human	0	0	流云夏家	[NAME]出生在流云城夏家。	1	0	1	1	1	1	1	1,1	3,1	2,1				2,1		3,1	2,1	2,1		1,1	2,1	1,1
680602007	Human	0	0	苍风皇室	[NAME]出生在苍风帝国，是苍风皇室一员。	1	0	0	1	2	1	1	1,1	2,1	3,1	2,1	2,1				2,1		1,1		1,1	1,1	2,1
680602008	Human	0	0	苍风帝国	[NAME]出生在苍风帝国。	1	0	1	1	1	1	1	1,1	1,1	1,1			2,1	2,1	1,1			2,1		2,1	1,1	1,1
680602009	Human	0	0	幻妖皇族	[NAME]出生在幻妖界，是幻妖皇族一员。	1	0	1	1	2	1	1	3,1	2,1	2,1						2,1	2,1	2,1	1,1	1,1	3,1	2,1
680602010	Human	0	0	幻妖云家	[NAME]出生在幻妖云家。	1	0	2	1	1	1	1	2,1	2,1	1,1	2,1	1,1	2,1					3,1		1,1	2,1	1,1
680602011	Human	0	0	幻妖慕家	[NAME]出生在幻妖慕家。	1	0	1	1	1	1	1	2,1	2,1	2,1				2,1	3,1	2,1		2,1		2,1	2,1	1,1
680602012	Human	0	0	沧云大陆	[NAME]出生在沧云大陆。	1	0	1	1	1	1	1	2,1	1,1	1,1	1,1	1,1						2,1	2,1	2,1	2,1	2,1
680602013	Human	0	0	沧云苏门	[NAME]于沧云大陆太苏门。	1	0	1	1	1	1	1	2,1	3,1	1,1	2,1	2,1						2,1	2,1	1,1	2,1	1,1
680602014	Human	0	0	龙神王界	[NAME]出生在众神之界龙神界。	1	0	1	2	1	1	1	3,1	3,1	1,1	2,1		2,1	3,1				2,1		2,1	2,1	2,1
680602015	Human	0	0	月神王界	[NAME]出生在众神之界月神界。	1	0	2	0	2	1	1	2,1	3,1	1,1						2,1	1,1	2,1	2,1	1,1	3,1	1,1
680602016	Human	0	0	琉光神界	[NAME]出生在众神之界琉光界。	1	0	2	0	2	1	1	2,1	3,1	2,1			2,1		3,1	2,1		3,1		1,1	2,1	1,1
680602017	Human	0	0	吟雪神界	[NAME]出生在众神之界吟雪界。	1	0	2	0	2	1	1	2,1	3,1	1,1	3,1	2,1		2,1				2,1		1,1	3,1	2,1
680602018	Human	0	0	劫魂魔界	[NAME]出生在众神之界劫魂界。	1	0	2	1	1	1	0	3,1	2,1	1,1			2,1		2,1		2,1	2,1		3,1	1,1	2,1
680602019	Human	0	0	凤凰遗族	[NAME]出生在万兽山脉，是凤凰遗族一员。	1	0	1	1	1	1	2	2,1	2,1	1,1	3,1	3,1		2,1				2,1		2,1	2,1	1,1
680602020	Human	0	0	盗神一族	[NAME]是盗神一族的后人。	1	0	2	1	0	1	1	1,1	3,1		2,1					2,1	1,1	2,1	1,1	1,1	1,1	3,1
680602021	Human	0	0	木灵王族	[NAME]是木灵王族一员。	1	0	1	1	1	1	1	1,1	3,1	2,1	3,1	3,1		3,1				1,1		1,1	3,1	2,1
680602022	Human	0	2	皇室公主	[NAME]是一个皇室公主。	1	0	1	1	2	1	1	2,1	3,1	3,1	2,1	3,1				3,1		2,1		1,1	3,1	2,1	BeautifulFace2
680602023	Human	0	2	神界公主	[NAME]是一个神界公主。	1	0	1	1	2	1	1	3,1	2,1	2,1						2,1	3,1	3,1	2,1	3,1	2,1	2,1	BeautifulFace2
680602024	Human	0	0	书香门第	[NAME]出生在书香门第。	1	0	1	1	1	1	1	1,1	2,1	3,1			2,1			2,1	2,1	2,1		2,1	2,1	1,1
680602025	Human	0	0	魔魂转世	[NAME]是一个魔魂转世之人。	1	0	2	2	0	1	0	2,1	3,1		1,1	1,1					1,1	2,1	2,1	2,1	1,1	1,1
