ID	Race	Grades	Sex	Name	Desc	Hide	BeginYear	Perception	Physique	Charisma	Intelligence	Luck	Fight	Qi	SocialContact	Medicine	Cooking	Building	Farming	Mining	Art	Manual	DouFa	DanQi	Fabao	FightSkill	Barrier	F1	F2	F3	F4	F5	F6
ID	种族	阶段 0童年 1成年 2重大事件 	性别 0均可 1男 2女	名字	描述	在自定义中隐藏	触发开始年份	感知	体质	魅力	悟性	运气	战斗	气感	社交 （所有技能等级后面可以附加,X。X为热爱程度 1为热爱 2为痴迷）	医术	厨艺	建筑	农事	采掘	艺术	制造	斗法	丹器	御物	术法	护体	特性1	特性2	特性3	特性4	特性5	特性6
680615011	Human	0	0	邪神传承	[NAME]以一滴邪神留下的不灭之血重铸玄脉，从而得到世间唯一的邪神玄脉，可完美驾驭元素之力，并可极大程度引发玄力的暴走。	1	0	1	1	1	1	1	1,1	1,1	1,1	1,1	1,1	1,1	1,1	1,1	1,1	1,1	1,1	1,1	1,1	1,1	1,1	EvilFeatureXie
680615012	Human	1	0	荒神传承	[NAME]强行顿悟荒神法则，可强横躯体的力量和体质，自发吸收天地灵气来恢复自身元气与玄气，并提升玄道修为。	1	0	1	1	1	1	1	1,1	1,1	1,1	1,1	1,1	1,1	1,1	1,1	1,1	1,1	1,1	1,1	1,1	1,1	1,1	EvilFeatureHuang
680615013	Human	2	0	龙神传承	[NAME]得到太古苍龙赐予龙神血脉，以及龙神之髓和龙神之魂。	1	0	1	1	1	1	1	1,1	1,1	1,1	1,1	1,1	1,1	1,1	1,1	1,1	1,1	1,1	1,1	1,1	1,1	1,1	EvilFeatureLong1	EvilFeatureLong2
680615014	Human	1	0	凤凰传承	[NAME]得到上古凤凰赐予凤凰血脉。	1	0	1	1	1	1	1	1,1	1,1	1,1	1,1	1,1	1,1	1,1	1,1	1,1	1,1	1,1	1,1	1,1	1,1	1,1	EvilFeatureHuo
680615015	Human	1	0	冰凰传承	[NAME]得到上古凤凰赐予冰凰血脉。	1	0	1	1	1	1	1	1,1	1,1	1,1	1,1	1,1	1,1	1,1	1,1	1,1	1,1	1,1	1,1	1,1	1,1	1,1	EvilFeatureShui
680615016	Human	1	0	天杀传承	[NAME]继承了十二星神之天杀星神之力。	1	0	1	1	1	1	1	1,1	1,1	1,1	1,1	1,1	1,1	1,1	1,1	1,1	1,1	1,1	1,1	1,1	1,1	1,1	EvilFeatureSha
680615017	Human	1	0	天狼传承	[NAME]继承了十二星神之天狼星神之力。	1	0	1	1	1	1	1	1,1	1,1	1,1	1,1	1,1	1,1	1,1	1,1	1,1	1,1	1,1	1,1	1,1	1,1	1,1	EvilFeatureLang
680615021	Human	0	2	茉莉公主	[NAME]是星神界的茉莉公主，外貌十三四岁的小萝莉，红发红眸，妖异之美、勾魂夺魄。	1	0	1	1	1	1	1	1,1	1,1	1,1	1,1	1,1	1,1	1,1	1,1	1,1	1,1	1,1	1,1	1,1	1,1	1,1	EvilFeatureBeauty1
680615022	Human	0	2	彩脂公主	[NAME]是星神界的彩脂公主。	1	0	1	1	1	1	1	1,1	1,1	1,1	1,1	1,1	1,1	1,1	1,1	1,1	1,1	1,1	1,1	1,1	1,1	1,1	EvilFeatureBeauty2
680615023	Human	0	2	雪児公主	[NAME]是神凰国的雪児公主，外貌十五六岁的少女，心灵纯净如雪，拥有梦幻之美，公认的天玄大陆第一美女。	1	0	1	1	1	1	1	1,1	1,1	1,1	1,1	1,1	1,1	1,1	1,1	1,1	1,1	1,1	1,1	1,1	1,1	1,1	EvilFeatureBeauty3
680615024	Human	0	2	媚音公主	[NAME]是琉光界的媚音公主，黑发黑裙，如暗夜中走出的娇小精灵，释放着与年龄全然不符的魅惑。	1	0	1	1	1	1	1	1,1	1,1	1,1	1,1	1,1	1,1	1,1	1,1	1,1	1,1	1,1	1,1	1,1	1,1	1,1	EvilFeatureBeauty4
680615025	Human	0	2	映月公主	[NAME]是琉光界的映月公主。	1	0	1	1	1	1	1	1,1	1,1	1,1	1,1	1,1	1,1	1,1	1,1	1,1	1,1	1,1	1,1	1,1	1,1	1,1	EvilFeatureBeauty5
680615031	Human	2	2	琉光双姝	[NAME]是琉光界琉光双姝之一。	1	0	1	1	1	1	1	1,1	1,1	1,1	1,1	1,1	1,1	1,1	1,1	1,1	1,1	1,1	1,1	1,1	1,1	1,1
680615032	Human	2	2	冰云七仙	[NAME]是冰云仙宫冰云七仙之一。	1	0	1	1	1	1	1	1,1	1,1	1,1	1,1	1,1	1,1	1,1	1,1	1,1	1,1	1,1	1,1	1,1	1,1	1,1	EvilFeatureBeauty6
680615033	Human	2	0	十二星神	[NAME]是星神界十二星神之一。	1	0	1	1	1	1	1	1,1	1,1	1,1	1,1	1,1	1,1	1,1	1,1	1,1	1,1	1,1	1,1	1,1	1,1	1,1
680615041	Human	0	2	冰雪琉璃	[NAME]拥有冰雪琉璃心，冰雪琉璃心是一种独特的心海，拥有者性情至纯至净，初时拥有极高的悟性和记忆力，随着能力提升，可以感知善恶、危机，窥破诸多玄机，甚至窥视万灵内心。	1	0	1	1	1	1	1	1,1	1,1	1,1	1,1	1,1	1,1	1,1	1,1	1,1	1,1	1,1	1,1	1,1	1,1	1,1	EvilFeatureBody1
680615042	Human	1	2	九玄玲珑	[NAME]拥有九玄玲珑体，九玄玲珑体丹田中存在玲珑世界，可以储纳肉身无法承受的力量，修炼玄功不受玄力等级和身体承受能力的限制。	1	0	1	1	1	1	1	1,1	1,1	1,1	1,1	1,1	1,1	1,1	1,1	1,1	1,1	1,1	1,1	1,1	1,1	1,1	EvilFeatureBody2
680615043	Human	1	2	无垢神魂	[NAME]拥有无垢神魂，无垢神魂因沾染原始鸿蒙之力所生，混沌之中最纯净最纯净的灵魂，会被所有非邪恶的灵魂所亲和。	1	0	1	1	1	1	1	1,1	1,1	1,1	1,1	1,1	1,1	1,1	1,1	1,1	1,1	1,1	1,1	1,1	1,1	1,1	EvilFeatureBody3
680615044	Human	1	2	无垢神体	[NAME]拥有无垢神体，无垢神体因沾染原始鸿蒙之力所生，混沌之中最纯净最纯净的灵魂，会被所有非邪恶的灵魂所亲和。	1	0	1	1	1	1	1	1,1	1,1	1,1	1,1	1,1	1,1	1,1	1,1	1,1	1,1	1,1	1,1	1,1	1,1	1,1	EvilFeatureBody4
680615045	Human	0	2	冰肌玉骨	[NAME]像是一个不染凡尘，由冰雪孕育的精灵。	1	0	1	1	1	1	1	1,1	1,1	1,1	1,1	1,1	1,1	1,1	1,1	1,1	1,1	1,1	1,1	1,1	1,1	1,1	EvilFeatureBody5
680615046	Human	2	2	凤凰神女	[NAME]是神凰国雪児公主，外貌十五六岁的少女，心灵纯净如雪，拥有梦幻之美，公认的天玄大陆第一美女。	1	0	1	1	1	1	1	1,1	1,1	1,1	1,1	1,1	1,1	1,1	1,1	1,1	1,1	1,1	1,1	1,1	1,1	1,1
