ID	Race	Grades	Sex	Name	Desc	BeginYear	Perception	Physique	Charisma	Intelligence	Luck	Fight	Qi	SocialContact	Medicine	Cooking	Building	Farming	Mining	Art	Manual	DouFa	DanQi	Fabao	FightSkill	Barrier	F1	F2	F3	F4	F5	F6
ID	种族	阶段 0童年 1成年 2重大事件 	性别 0均可 1男 2女	名字	描述	触发开始年份	感知	体质	魅力	悟性	运气	战斗	气感	社交	医术	厨艺	建筑	农事	采掘	艺术	制造	斗法	丹器	御物	术法	护体	特性1	特性2	特性3	特性4	特性5	特性6
80011	Human	0	0	邪神传承	[NAME]以一滴邪神留下的不灭之血重铸玄脉，从而得到世间唯一的邪神玄脉，可完美驾驭元素之力，并可极大程度引发玄力的暴走。	0	1	1	1	1	1	1,1	1,1	1,1	1,1	1,1	1,1	1,1	1,1	1,1	1,1	1,1	1,1	1,1	1,1	1,1	MasterFeatureXie
80012	Human	1	0	荒神传承	[NAME]强行顿悟荒神法则，可强横躯体的力量和体质，自发吸收天地灵气来恢复自身元气与玄气，并提升玄道修为。	0	1	1	1	1	1	1,1	1,1	1,1	1,1	1,1	1,1	1,1	1,1	1,1	1,1	1,1	1,1	1,1	1,1	1,1	MasterFeatureHuang
80013	Human	2	0	龙神传承	[NAME]得到太古苍龙赐予龙神血脉，以及龙神之髓和龙神之魂。	0	1	1	1	1	1	1,1	1,1	1,1	1,1	1,1	1,1	1,1	1,1	1,1	1,1	1,1	1,1	1,1	1,1	1,1	MasterFeatureLong2	MasterFeatureLong3
80014	Human	1	0	凤凰传承	[NAME]得到上古凤凰赐予凤凰血脉。	0	1	1	1	1	1	1,1	1,1	1,1	1,1	1,1	1,1	1,1	1,1	1,1	1,1	1,1	1,1	1,1	1,1	1,1	MasterFeatureHuo
80015	Human	1	0	冰凰传承	[NAME]得到上古凤凰赐予冰凰血脉。	0	1	1	1	1	1	1,1	1,1	1,1	1,1	1,1	1,1	1,1	1,1	1,1	1,1	1,1	1,1	1,1	1,1	1,1	MasterFeatureShui
80016	Human	1	0	天杀传承	[NAME]继承了十二星神之天杀星神之力。	0	1	1	1	1	1	1,1	1,1	1,1	1,1	1,1	1,1	1,1	1,1	1,1	1,1	1,1	1,1	1,1	1,1	1,1	MasterFeatureSha
80017	Human	1	0	天狼传承	[NAME]继承了十二星神之天狼星神之力。	0	1	1	1	1	1	1,1	1,1	1,1	1,1	1,1	1,1	1,1	1,1	1,1	1,1	1,1	1,1	1,1	1,1	1,1	MasterFeatureLang
80021	Human	0	2	茉莉公主	[NAME]是星神界的茉莉公主，外貌十三四岁的小萝莉，红发红眸，妖异之美、勾魂夺魄。	0	1	1	1	1	1	1,1	1,1	1,1	1,1	1,1	1,1	1,1	1,1	1,1	1,1	1,1	1,1	1,1	1,1	1,1	MasterFeatureBeauty1
80022	Human	0	2	彩脂公主	[NAME]是星神界的彩脂公主。	0	1	1	1	1	1	1,1	1,1	1,1	1,1	1,1	1,1	1,1	1,1	1,1	1,1	1,1	1,1	1,1	1,1	1,1	MasterFeatureBeauty2
80023	Human	0	2	雪児公主	[NAME]是神凰国的雪児公主，外貌十五六岁的少女，心灵纯净如雪，拥有梦幻之美，公认的天玄大陆第一美女。	0	1	1	1	1	1	1,1	1,1	1,1	1,1	1,1	1,1	1,1	1,1	1,1	1,1	1,1	1,1	1,1	1,1	1,1	MasterFeatureBeauty3
80024	Human	0	2	媚音公主	[NAME]是琉光界的媚音公主，黑发黑裙，如暗夜中走出的娇小精灵，释放着与年龄全然不符的魅惑。	0	1	1	1	1	1	1,1	1,1	1,1	1,1	1,1	1,1	1,1	1,1	1,1	1,1	1,1	1,1	1,1	1,1	1,1	MasterFeatureBeauty4
80025	Human	0	2	映月公主	[NAME]是琉光界的映月公主。	0	1	1	1	1	1	1,1	1,1	1,1	1,1	1,1	1,1	1,1	1,1	1,1	1,1	1,1	1,1	1,1	1,1	1,1	MasterFeatureBeauty5
80031	Human	2	2	琉光双姝	[NAME]是琉光界琉光双姝之一。	0	1	1	1	1	1	1,1	1,1	1,1	1,1	1,1	1,1	1,1	1,1	1,1	1,1	1,1	1,1	1,1	1,1	1,1
80032	Human	2	2	冰云七仙	[NAME]是冰云仙宫冰云七仙之一。	0	1	1	1	1	1	1,1	1,1	1,1	1,1	1,1	1,1	1,1	1,1	1,1	1,1	1,1	1,1	1,1	1,1	1,1	MasterFeatureBeauty6
80033	Human	2	0	十二星神	[NAME]是星神界十二星神之一。	0	1	1	1	1	1	1,1	1,1	1,1	1,1	1,1	1,1	1,1	1,1	1,1	1,1	1,1	1,1	1,1	1,1	1,1
80041	Human	0	2	冰雪琉璃	[NAME]拥有冰雪琉璃心，冰雪琉璃心是一种独特的心海，拥有者性情至纯至净，初时拥有极高的悟性和记忆力，随着能力提升，可以感知善恶、危机，窥破诸多玄机，甚至窥视万灵内心。	0	1	1	1	1	1	1,1	1,1	1,1	1,1	1,1	1,1	1,1	1,1	1,1	1,1	1,1	1,1	1,1	1,1	1,1	MasterFeatureBody1
80042	Human	1	2	九玄玲珑	[NAME]拥有九玄玲珑体，九玄玲珑体丹田中存在玲珑世界，可以储纳肉身无法承受的力量，修炼玄功不受玄力等级和身体承受能力的限制。	0	1	1	1	1	1	1,1	1,1	1,1	1,1	1,1	1,1	1,1	1,1	1,1	1,1	1,1	1,1	1,1	1,1	1,1	MasterFeatureBody2
80043	Human	1	2	无垢神魂	[NAME]拥有无垢神魂，无垢神魂因沾染原始鸿蒙之力所生，混沌之中最纯净最纯净的灵魂，会被所有非邪恶的灵魂所亲和。	0	1	1	1	1	1	1,1	1,1	1,1	1,1	1,1	1,1	1,1	1,1	1,1	1,1	1,1	1,1	1,1	1,1	1,1	MasterFeatureBody3
80044	Human	1	2	无垢神体	[NAME]拥有无垢神体，无垢神体因沾染原始鸿蒙之力所生，混沌之中最纯净最纯净的灵魂，会被所有非邪恶的灵魂所亲和。	0	1	1	1	1	1	1,1	1,1	1,1	1,1	1,1	1,1	1,1	1,1	1,1	1,1	1,1	1,1	1,1	1,1	1,1	MasterFeatureBody4
80045	Human	0	2	冰肌玉骨	[NAME]像是一个不染凡尘，由冰雪孕育的精灵。	0	1	1	1	1	1	1,1	1,1	1,1	1,1	1,1	1,1	1,1	1,1	1,1	1,1	1,1	1,1	1,1	1,1	1,1	MasterFeatureBody5
80046	Human	2	2	凤凰神女	[NAME]是神凰国雪児公主，外貌十五六岁的少女，心灵纯净如雪，拥有梦幻之美，公认的天玄大陆第一美女。	0	1	1	1	1	1	1,1	1,1	1,1	1,1	1,1	1,1	1,1	1,1	1,1	1,1	1,1	1,1	1,1	1,1	1,1
680615001	Human	0	0	玄脉残废	[NAME]母亲在怀有[NAME]时遭遇仇敌追杀，身中寒毒，为了不让剧毒伤到腹中[NAME]，她将寒毒聚入自己的五脏之中，日夜承受寒毒锥心之苦。然而依然有微量寒毒侵入[NAME]体内，危及生命，[NAME]父母只能将寒毒逼入[NAME]的玄脉之中，然后以玄力湮灭寒毒，却也……彻底毁掉了[ITS]玄脉。							0,2	0,2									0,2	0,2	0,2	0,2	0,2	EvilFeatureDisabled
680615002	Human	1	0	气运加身	[NAME]似乎拥有强大到极点的气运，如果这种气运持续下去，[IT]未来的成就将无法估量。																						EvilFeatureLuck
680615003	Human	2	0	三世轮回	[NAME]拥有三世人生，第一世在苍云大陆被人下毒毒死，第二世在天玄大陆被师傅捡到并抚养长大，后因获得天毒珠被世人觊觎追杀至绝云崖跳崖而亡，第三世携带第一二世记忆轮回到第一世死前时刻，三世人生让[IT]拥有远超常人的悟性。																						EvilFeatureIntelligence					
